%Uloha ; Delka [m] ; Tlak [torr] ;  Teplota [°C] ; Vlhkost [%]
1        6717.938           748        10.3        26
2        4182.216           759        17.2        28
3        14425.293           757        26.3        49
4        3917.175           747        15.2        32
5        6875.944           747         5.5        22
6        2882.777           741        11.4        27
7        7370.380           754         2.4        19
8        5738.398           760        13.1        20
9        7145.769           760         3.7        33
10        11521.794           745        20.3        28
