%Uloha  XA [m]       YA [m]        HA [m]   XB [m]       YB[m]       HB [m]  Vstn [m]    Vcile [m]  refrak  fi        azimut 
 1    1007053.793  718054.825    722.333  1007189.863  715658.225   415.889 1.201       1.744    0.20    50.43857  100.8613
 2    1000076.624  754528.493    709.110  1001021.108  753288.126   248.250 1.390       1.670    0.20    50.45611  135.2983
 3    1005350.813  739844.012    870.458  1008865.849  740499.988   747.643 1.437       1.439    0.20    50.42737  198.4166
 4    1007094.453  799261.981   1132.195  1006554.913  800520.484  1170.455 1.558       1.344    0.13    50.33591  301.6780
 5    1000621.471  770184.348    286.482  1002383.129  769539.910   698.696 1.371       1.698    0.20    50.43141  168.0827
 6    1003461.402  724961.984    587.064  1003199.379  724331.239   469.994 1.706       1.644    0.20    50.46231   75.1321
 7    1005978.338  781223.261   1014.578  1005468.556  778382.910   652.232 1.242       1.345    0.20    50.36951   88.1083
 8    1006462.201  710841.109   1183.497  1006158.057  709265.524  1030.054 1.493       1.656    0.20    50.45240   86.6105
 9    1004755.582  758325.858    460.548  1005175.699  755474.365   670.518 1.362       1.658    0.20    50.40967  106.4239
10    1009299.520  728196.043    368.880  1009526.941  727303.561  1166.576 1.388       1.246    0.20    50.40639  112.0112
